accurate : 0.0323957751657679
built : 0.0253521248035406
comments : 0.00595166283380062
cycle : 0.037554359189814
equiptment : 0.0539794000867204
faq : 0.0359176003468815
follow : 0.037554359189814
followup : 0.0576245626185713
image : 0.0098296666070122
james : 0.0118045606445813
jeffrey : 0.0239794000867204
july : 0.0111918640771921
link : 0.0233498217458753
machine : 0.0267448433663685
mail : 0.00892790030352132
moore : 0.0144369749923271
name : 0.00906578314837765
optional : 0.0298970004336019
post : 0.0280662603231924
posted : 0.0169897000433602
potter : 0.02
production : 0.0203545753392086
re : 0.0185623598538775
simulated : 0.0339794000867204
subject : 0.00473660722610156
time : 0.00995145760031135
times : 0.00790484985457369
title : 0.0059176003468815
ups : 0.0475507995608755
url : 0.0331515463835559
user : 0.0260205999132796
users : 0.0271309464702763
workspace : 0.0298970004336019
ws : 0.0959176003468815
