crude : 0.34256285838172
gas : 0.166784441041966
indonesia : 0.209788726136821
natural : 0.140423808671603
oil : 0.155169449659469
operations : 0.144110560615358
